id;habit_id;habit_name
1;45425;functionalities salmon CSS
2;92825;Soft
3;25491;withdrawal
4;35671;Music
5;36201;Engineer
6;52612;Fresh Shoes
7;26836;Unbranded Personal Administrator
8;72075;Buckinghamshire
9;14627;Cheese Unbranded cross-platform
10;85495;reboot Manat silver
